6 23 95 46 
11 100 83 59 
100 244 132 41 
116 1 251 87 
116 122 52 40 
171 307 236 154 
239 248 94 46 
257 394 55 91 
315 406 52 57 
326 120 176 74 
338 490 299 60 
372 369 245 118 
388 321 38 46 
399 1 89 86 
430 312 128 56 
488 131 149 45 
492 28 204 59 
563 368 99 79 
585 94 122 96 
757 19 14 789 
775 285 44 180 
809 718 756 156 
815 746 63 38 
829 341 747 133 
836 569 728 93 
846 461 719 129 
870 455 44 44 
883 1 660 304 
928 126 106 93 
1087 835 209 62 
1306 815 159 107 
1462 849 41 61 
