23 24 62 81 
31 318 114 75 
34 106 113 79 
36 245 63 40 
89 435 48 41 
101 204 135 102 
158 429 49 48 
162 27 54 42 
164 122 35 54 
165 583 50 43 
196 122 42 55 
196 304 101 75 
235 129 43 41 
239 233 46 38 
240 576 48 48 
291 570 53 54 
293 212 60 51 
316 463 57 40 
323 22 108 42 
356 93 94 82 
367 203 35 60 
378 305 48 49 
385 535 83 95 
395 540 43 47 
398 189 35 62 
420 400 49 39 
431 119 47 39 
435 206 55 37 
441 293 145 52 
486 526 159 44 
492 444 60 31 
516 113 34 57 
522 354 54 79 
557 414 213 67 
562 114 96 40 
589 372 57 33 
616 292 57 35 
652 181 62 48 
654 17 106 43 
670 358 128 37 
719 231 82 82 
808 67 19 191 
814 690 21 203 
828 488 40 76 
829 573 40 85 
852 788 771 105 
855 824 64 37 
882 631 745 74 
885 419 730 85 
885 529 732 89 
894 709 98 69 
988 718 55 40 
991 939 100 70 
1070 898 39 47 
1074 709 63 48 
1110 937 36 56 
1141 4 445 287 
1144 920 43 67 
1145 709 46 42 
1227 913 93 71 
1246 604 65 33 
1289 693 267 93 
1380 41 42 52 
